110100	49
110120	29
110150	53
110190	81
110220	37
110240	3
110300	31
110350	49
110360	31
110530	26
111010	57
111050	45
111090	86
111100	109
111120	4
111160	128
111200	66
111260	117
111270	119
111300	18
111350	81
111360	122
111380	289
111410	103
111420	108
111460	351
111470	41
111480	107
111500	62
111520	1
111530	45
111550	215
111570	76
111650	65
111700	120
111800	155
111820	34
111850	8
111900	17
112040	88
112120	273
112130	38
112250	70
112310	55
112320	71
112400	54
112520	8
112550	80
112700	68
113080	3
113420	124
113430	84
113500	1
113820	17
113890	30
